          1 F  2           1
          2 F  1           1
          3 F  2           2
          4 F  2           2
          5 F  2           3
          6 T  2           3
          7 F  2           4
          8 F  1           6
          9 F  2           7
         10 F  2           7
         11 F  2          10
         12 F  2          27
         13 T  2          27
         14 T  2          22
         15 F  1          23
         16 F  2          13
         17 F  2          26
         18 F  2          18
         19 F  2          19
         20 F  1          19
